4665884.16241746,0.638946234279372,0.62414516665694,5.11425008294371,3.13309672255238,0.26381291254238,95196938.409584,0.574701282926086,0.0314862091629466,0.338971232709481,0.213563088613144,0.978924512487054
2893373.51086577,0.615448067952944,0.329916019248181,6.63922712833627,5.65314355873797,0.258477833664503,59048066.0836416,0.659161983624098,0.0185482501583237,0.317623163638926,0.333479764713965,0.977526287100741
8202927.49627622,0.599683040647885,0.314008041166714,6.37687932585335,3.67190297528913,0.225394134994326,58919135.5772344,0.670704456884184,0.0310640843070627,0.279483890543019,0.227630965169366,0.975388499886942
2376810.44229309,0.51684485218127,0.328010563618069,4.80756928613844,5.62624570625752,0.297614421962196,60299181.8317151,0.637768955886203,0.0126388181944445,0.373570937948113,0.269268397463397,0.975252788602003
5714166.3963476,0.608392895056199,0.664380646117186,6.39484847907429,3.87641974182847,0.217759329242136,59788850.4238104,0.575907672719119,0.0317808855379441,0.29015094072418,0.222144061065667,0.974631206187656
5394175.65517328,0.492057715680655,0.484186190855567,6.98561276771259,3.21318357116532,0.226990334026636,63409601.510448,0.665879908646784,0.0366289102459632,0.293349061830652,0.323626123735637,0.974171623043438
2288094.46263631,0.482883064055164,0.347107397864512,6.9038450206405,4.41653125636703,0.258826739883683,78673044.3039134,0.618617167711546,0.0312977617471825,0.295825286672105,0.426433058989251,0.973794845643198
2793353.32679562,0.437633885467698,0.341558918335498,6.31079071024304,3.87515614235587,0.309372538851679,67743329.0416443,0.621598905388662,0.018847909615733,0.388839941495007,0.23408974372504,0.97324282184875
3857489.66702826,0.522577165360037,0.474167695413331,6.62530425530777,4.25546013321264,0.209235650977817,87075471.1268573,0.507621084039846,0.0301822907489653,0.268527829763809,0.38555864912507,0.972819772290544
3408370.93500775,0.614968948325663,0.693695259732607,4.67883296434457,3.12166643908817,0.314077445724788,70452650.4590745,0.572197331545886,0.0284661804121675,0.384915928142603,0.24115816340372,0.972069008141209
2831891.89391987,0.519477279967707,0.312665238843253,3.52382260377445,5.06075575671058,0.254089377184749,96493036.1327134,0.432192122715546,0.0247187436718294,0.288561991184411,0.406483529281383,0.971952439405296
5798477.6320795,0.673561722853487,0.308795750185184,4.30403184166622,4.73426688857529,0.20147706069306,91615608.4241045,0.466468912343977,0.0352454480847809,0.213458250963955,0.331711737036158,0.971557543508955
1916799.4378857,0.555849322141883,0.310403951367423,4.87595779254032,6.63237549334233,0.394573859136869,95318692.0832757,0.386888131128379,0.0357650792664928,0.332815241212966,0.380291890628538,0.97151293343954
1899785.80393733,0.468615564906196,0.430520880870033,4.70071773090996,4.78621134159276,0.225345035770866,87737308.0428437,0.504399244984517,0.0380655479754145,0.288273156841873,0.259154981075696,0.971456874244071
1541154.27843715,0.561872926337784,0.310461842414455,6.17845153624827,3.25535303353201,0.442996695984301,80787135.3612318,0.451424713928375,0.0205072994739093,0.339067637224553,0.537938941466985,0.970427206580619
9860782.86287133,0.396350674859645,0.634361029256565,6.08040833759052,4.52012851533491,0.20744185595309,70374277.8043746,0.586026563212943,0.0239544366059262,0.33635060854163,0.264560668131393,0.970264411770708
5496999.41174529,0.684776539706781,0.638449553940586,6.07176009732543,3.00963092949185,0.278071531929406,92131192.479551,0.694818226063454,0.0271980836035348,0.334592543503138,0.450541751977138,0.969912847940447
5865717.92404585,0.471531810860726,0.396525602062324,4.94507968800148,3.13272079178471,0.256517736480551,98216698.5263927,0.472839631014607,0.0385341523136373,0.312965906075181,0.204147233750434,0.969785910910345
9541954.2369016,0.677245501860678,0.369817829935593,5.86840568929277,3.82934629767232,0.261106989864573,91208203.1812256,0.590724429194516,0.0328086632086949,0.297986199587089,0.25399350814768,0.969666113883937
7465696.15317643,0.670257250882356,0.312620343034783,4.03464975682835,5.46851329922216,0.227098700904897,82364857.8672136,0.608257568846381,0.0382510983357588,0.228331476006128,0.418832499836864,0.969232881330525
1286077.44087159,0.596021951708086,0.304182358447906,4.9152474988328,5.52179891722731,0.24054313385506,68060103.5035774,0.525192688468554,0.0375750118345429,0.278023068290671,0.276217502988568,0.969127729244021
2881597.71991247,0.582731864429514,0.631737206061634,5.84235742761902,3.92053040909294,0.226230973742695,66856906.952039,0.58234195821906,0.031347994068411,0.30164864068906,0.341477092374758,0.969087322096877
9363284.83006823,0.624451719380135,0.67889746445579,3.6519018642889,3.40728738330709,0.279779432283125,84603264.3801231,0.550082752888814,0.0187162807026719,0.384492214171771,0.267683002152443,0.968869746529982
7726284.10993398,0.610763359154623,0.583823298487709,5.64514024975192,3.32038074039151,0.208708943951866,93842630.4840762,0.543431897401073,0.0226130112811549,0.279912572370217,0.503809914538282,0.968845802076277
3069131.9251266,0.50247307952817,0.685203384702637,6.84689872310392,5.17153855918323,0.257447904714802,76597449.8133011,0.577050167861197,0.0269254179374309,0.364389392008008,0.267638859127979,0.968800175603308
1955088.66819322,0.518909203253824,0.302715282985355,4.74964135323794,6.17983529086942,0.30052566604853,70148440.6958637,0.681115540383143,0.0329951624936217,0.35175253102046,0.239713987279511,0.968785617347401
4092825.15918817,0.536519412435193,0.401687359563659,4.26970068292396,3.38850458444011,0.253301800439736,89540985.298999,0.559860480174518,0.0360349253229093,0.321454479212123,0.208575252267418,0.968628872504206
5119835.12471999,0.5819505547353,0.342417372145485,6.11653954925443,4.66509133492042,0.417751997743411,65691528.5612498,0.667748935016126,0.039154453102491,0.379183920724604,0.256561403569565,0.968296742350751
4952807.20620014,0.644518912970228,0.315260509439159,4.14785828074662,3.33290725968645,0.247138208700105,57374296.0533068,0.569526553121202,0.0124009126849163,0.322326683537439,0.319297249100643,0.967906843804693
1147985.56214348,0.542237023187947,0.313490563060393,3.78785711388973,4.09525946068064,0.428880889391537,90683943.2930771,0.433376706524161,0.0350175258803255,0.299190687183591,0.623710964348308,0.967490628974866
4673655.36740153,0.494121989986544,0.682915915272778,3.95938294326106,3.07394181135941,0.26102745887059,95658266.3294324,0.638958327904115,0.0319801333051198,0.341351172388103,0.440583642206732,0.967416555759985
1007447.55418643,0.65320251735598,0.32765913245955,3.60096724735286,6.75266683558123,0.464286299103071,56829196.1000657,0.396553847710414,0.0235027527605429,0.364474354984068,0.360490238676173,0.96724142045154
7798761.2093476,0.529981766981335,0.362269315351839,5.41519223683941,5.43668200156388,0.293077357479366,82774747.9901185,0.488733926135882,0.0381990584184726,0.314088844038517,0.297606919520335,0.967039812019078
1073469.07302654,0.329539590679567,0.433609258623848,4.87107778396745,5.63460752621409,0.209724829343229,86548092.1925465,0.291321998563784,0.0102838309130149,0.333707965373936,0.222401963795299,0.96702063639363
4405856.90121813,0.66626414209704,0.320859123780398,4.8987691447487,6.6448117289353,0.373590982529997,84896654.6277588,0.513268786838785,0.0352297728290453,0.352822914681282,0.264533391631379,0.966856803370624
9325177.51579838,0.462352356991146,0.670946129668573,4.6572436721456,3.42419393622147,0.226329039788872,72589832.167767,0.604365743032063,0.0389969472331088,0.290865124025829,0.458383468418529,0.966703118813563
1078920.05037531,0.422290178918078,0.352810306211984,3.25883463499113,5.47541422641661,0.527293847125708,95962831.0457259,0.421351872367251,0.0358396231088285,0.369993646592338,0.393953133611474,0.966604550097248
6105598.90431911,0.564717946144392,0.497110993362113,6.32332703226405,3.6435213313272,0.276456869666235,91299867.4842751,0.584699685976883,0.0124613520013431,0.391252348596091,0.23801627478205,0.966382994665473
5772970.29632473,0.645602005662318,0.388173895474756,4.63429417583407,6.48299951594889,0.227813552073996,72339375.060386,0.576760751100159,0.0163243600003279,0.316583559709744,0.237002269224241,0.966324135198707
1300892.09651015,0.605379032795358,0.325823743481165,3.2091227742664,4.43438210925303,0.285571294844091,80507667.0986568,0.273265581811113,0.0146646095783959,0.306170178762909,0.431517691992358,0.966241415269528
6583924.25342305,0.610483094138198,0.315004333624878,3.78484062664256,5.94405579661863,0.216543598619455,70468170.1636672,0.313183850777975,0.0122832424499572,0.309673075342029,0.200103055181331,0.966233955842626
8258806.28830697,0.65761491329469,0.340427539401218,6.42699510949604,4.85060576591274,0.309531809030623,98488893.9875122,0.6280887956782,0.0170693108330819,0.379033982218081,0.206468326954711,0.96616490549795
2367261.83323506,0.672778811690719,0.387955033635951,6.7641279743163,3.68791455166138,0.253684311765529,88815441.956575,0.436302335041155,0.0255609786751134,0.281675744392872,0.434716439445594,0.965813586837093
2805849.45893798,0.564786889947048,0.568096342637576,3.96266132801315,5.59034592848288,0.222002159160357,73557570.0265777,0.44377188024524,0.0186364210298271,0.332540324341897,0.224121099457038,0.965152193674596
2197421.01113495,0.641917523179646,0.348136422981839,4.15002478806029,6.6270996162775,0.264427451045727,85378404.9186712,0.617909442434632,0.0221813086242669,0.338486473834421,0.212293186726356,0.965145004644274
1570358.35000375,0.432580798870374,0.485674450915366,6.28512360854809,3.91172683606966,0.318297353286505,84775790.1357523,0.478858348270891,0.021458687936092,0.388724680997502,0.266297568133467,0.96514297455145
3062401.3510312,0.609232516725587,0.4616137012694,6.8147214913457,3.24755397490409,0.219977942360228,62620609.224865,0.500426590146435,0.0127640443033773,0.317828876685112,0.338348385127315,0.964912906655073
4905352.51496357,0.386677842099555,0.360248540118108,5.97173540958514,3.38597071251155,0.249694488459573,96484571.5996697,0.650138362340569,0.038762726017004,0.288735636382795,0.466492147682088,0.964366346487907
2017282.37658728,0.636877263032999,0.519667020015752,4.54793897204958,5.4593229512076,0.241316735096566,98649962.0670682,0.438089462177346,0.025393100009701,0.31457321506306,0.24941375629577,0.964330425988172
3427148.98218236,0.592508155959541,0.305839601215038,6.11606828639916,5.74826337035264,0.313313816120543,54650863.1755124,0.636215005944244,0.0367300496696329,0.255461110916501,0.667489089503385,0.964309790260739
1239207.71265558,0.622056502063438,0.368299496670549,6.3379187641573,6.6285051929274,0.228567707601693,95864801.1574256,0.477332603242696,0.0364127808568137,0.234915154253215,0.448242710880924,0.96423234856801
2868062.17477779,0.637561915714428,0.433399436451191,4.83630662496844,5.20536111251617,0.202884728769115,46941914.083351,0.589035380038712,0.0123174596250863,0.307723504830087,0.259685212284493,0.963907265095609
5828733.11365167,0.45269493586086,0.664825459457526,6.99218708953419,3.38089973849232,0.276267596004171,75869193.3610714,0.526817171213833,0.0368121216887533,0.341273583921871,0.40238476154438,0.963869318979274
1124201.22507854,0.483076937426462,0.445839842931661,4.79622131379802,3.87258930174565,0.211898516051115,71369271.3904526,0.268467173122337,0.0190422322416479,0.297206793835835,0.24263652569276,0.963742840062993
9405514.82910746,0.635107074650948,0.363336572309785,6.29935993197752,3.13275159048193,0.21836854714866,66116026.8123211,0.447023564150075,0.036807613086049,0.243509913079971,0.258401880186198,0.963735887962568
1672383.68617755,0.675565894593986,0.396432439953605,3.32904109022981,4.76348713436057,0.436127663275119,84058228.2217842,0.450151597086636,0.0314741653791981,0.373979138913854,0.309353579084791,0.963720790277516
1241574.38184624,0.569317062019699,0.335372824649102,3.42724285723166,4.49561510878025,0.286858421396441,85042618.4067733,0.342378113310125,0.0179119351590387,0.265640224536091,0.677365713575952,0.96371661046681
2226449.6267969,0.392777430536468,0.336885217295592,6.67925161300438,5.03166242057243,0.273469177307699,96485629.3307786,0.391724279262022,0.0142398731142664,0.334570180956064,0.367487711952855,0.963692375739294
7759006.86221719,0.587724163926866,0.301866093802103,5.89205655675504,3.01220541080868,0.31298491821766,80502988.6069348,0.206208662925427,0.0209394194607614,0.356359350289591,0.21863959756085,0.963564633541412
7441489.76410021,0.500504254354943,0.63955779048332,6.67974205078136,5.36074080875951,0.315528585693089,91603162.2030813,0.659113849689263,0.0324901075469192,0.382322938578453,0.363516830080051,0.963458110808242
1911167.35744021,0.683780284849871,0.308065377564138,4.06946961574019,5.74062789126136,0.486337361501152,85098422.2591861,0.34193696759878,0.0398223893858042,0.32000404616306,0.48811232860641,0.963433370440817
9856319.98327757,0.697176541284998,0.407319115835428,6.76682331054852,3.43310529229742,0.374807359342328,80359107.3171314,0.644171579569301,0.0358261837475371,0.367822252377848,0.238268352564008,0.963398115993485
1342842.23077017,0.617605834483594,0.382286930040716,6.01290727202425,6.1822028212947,0.487259754061817,56086365.9236336,0.603755694653534,0.0230156595147569,0.376753603364809,0.397514579715415,0.963371684713938
8157006.31550072,0.401500173816206,0.467401453732236,6.18127127266394,5.80704930096057,0.225491373452424,92659661.7229572,0.395464686386004,0.0361508103707168,0.285032240689836,0.304913997931959,0.963300566149775
1128531.553527,0.694948625710601,0.371570223644183,5.22963595476622,4.91194174156371,0.335472487559921,77286461.8124316,0.282054976207665,0.0332628027562929,0.299671921069477,0.398430057289142,0.963183063853489
6994792.19870315,0.656955135144075,0.677466771304864,4.52667980863327,5.45890116561053,0.202096912429959,72924819.5499914,0.458881156283344,0.0188639765628067,0.305492253204393,0.293313933860437,0.963131730226343
3573180.04004134,0.415667854015327,0.355637851675293,3.60401229736861,4.81690362020833,0.225097946168219,91942203.66481,0.316240032537851,0.036320812580207,0.255418463832214,0.324956471066897,0.963038159684328
1313954.32366184,0.410472619390799,0.306024383582998,6.62155843568529,6.36881336795957,0.55427300661508,92607440.1267019,0.299808214087241,0.0288293663795376,0.355932580043891,0.472017551199348,0.962683265073457
2475321.52045599,0.354532012382594,0.578190516601241,5.14209731268039,3.3321747234942,0.258472472485021,72939633.006222,0.531424435718169,0.0242758168231733,0.381829666129438,0.214587332433461,0.962631341875201
9423974.06144726,0.554271989366388,0.325392490664829,6.13491799389065,5.6686234259962,0.221074029430061,80955076.8006096,0.495272342873581,0.0286521913631564,0.281881492424102,0.240310399843345,0.962498081637591
1522335.12869126,0.618425905244226,0.312457932112276,4.226831492504,4.05801302929201,0.298567007275731,74428848.6676232,0.36823539502364,0.0263774791301583,0.323623009109125,0.303408871403252,0.962491438264995
7193754.53914129,0.446134467570863,0.396432944569602,5.82666089346254,4.14647810376946,0.226341264010276,61991349.9391345,0.653386299743292,0.0375563525153532,0.27469988190513,0.37237150940709,0.962339272032928
8318740.22441167,0.660095426398202,0.402658706210862,4.84571070576272,4.57720291187871,0.323304955531437,86484630.7390183,0.551307175628974,0.0133775499165864,0.393257554190152,0.215633681879714,0.962163983816261
5700916.57309302,0.337317956488817,0.55875942421317,6.63207719746847,4.40814944430083,0.284266113405402,86398852.3215065,0.612130788818158,0.0380056716945278,0.380187090430512,0.228951311206137,0.962162316027495
4782215.43836187,0.523364078105063,0.440578601085054,5.7861637486213,3.46790773531093,0.320088043092042,57036372.8071868,0.441109466128363,0.0206962987384494,0.380008679534077,0.24068797026726,0.962151613599096
8906269.54129558,0.619611969789499,0.311408066409131,3.65033763319178,5.57858963035812,0.28154945975771,86606858.1643936,0.220076172487882,0.0105174746026139,0.361194661945446,0.220459551233421,0.962039449884272
4366477.9898235,0.577577976603339,0.323395617022295,6.95455376544747,6.0098011309655,0.315632310729349,63941607.2610635,0.31306322563834,0.021675162555511,0.349489686060392,0.250508470592891,0.962012339439316
1251577.2043467,0.605067198046055,0.414037023336308,5.31192181820423,5.2614404333273,0.418211048954337,94176911.8465959,0.283022841740364,0.0103621051761574,0.37810737565547,0.383356001417324,0.961986222441119
2817276.38909315,0.448858277808017,0.592036633554545,5.0074079135111,6.1926369600561,0.200429810126071,95983435.2181122,0.53050966722329,0.0111831606677054,0.348660044129278,0.25908073388434,0.961973414402607
1058993.68674885,0.597233001416916,0.489702600636845,4.35811385429147,4.60344539426194,0.297288993811542,93062424.9877691,0.672611008162508,0.0187191880556292,0.321303538716834,0.566195573327712,0.961970516725428
9527147.39922873,0.444630413895223,0.487852683271624,4.47808035803115,5.22195121393795,0.295491996779769,85843659.2733149,0.46782638311169,0.0324317653641586,0.36272899219901,0.239114412811436,0.961957689380996
5123488.76621448,0.532169309476281,0.609163734114946,4.93790261239725,3.55920661488094,0.210245643752654,77631395.063545,0.246586633867814,0.0241209070144318,0.283992782585437,0.295978038593647,0.961852910341362
6235153.97663005,0.624693202783881,0.364765372214183,5.27727531202657,3.99034821708038,0.211268343859864,61800227.1058273,0.447294007110829,0.0149073409751751,0.272421574436588,0.412300141230791,0.961351309977358
3055455.72978815,0.503494223430457,0.485244413320421,6.17880393255974,3.78813872149121,0.222923139955564,58856693.2976951,0.478844644357135,0.0287333748612536,0.290507576067661,0.321503041096818,0.961310579582119
6302018.10439349,0.589728393241287,0.481064253265845,5.09420366055558,5.32468805929801,0.318837963437775,61293231.8999291,0.55119993347245,0.0222950222436891,0.385084336821238,0.217110237125075,0.961308977082041
1384538.74396353,0.676833802947382,0.417876802686876,5.90942756479389,6.41700893415075,0.443718767270934,89916035.5737325,0.344273047862498,0.0108785040062764,0.377803629293333,0.387574043707649,0.961299583964037
4296564.96039196,0.656573309682073,0.608641510098638,6.00173498562549,3.07031405603083,0.255788448151781,98603454.6263639,0.499642610864194,0.0230693053104334,0.321636975152214,0.467074047727534,0.961112170833389
1407281.36557205,0.493542444431551,0.542023946994167,3.37709210871919,5.04732496909709,0.277802968786811,79526366.3545541,0.364557170454316,0.0372835190010062,0.33380994886568,0.202604105716514,0.960949738007771
8783697.24076694,0.466284689157713,0.432933136582159,6.36813586145144,5.85986799523149,0.288155268115737,99640079.0216615,0.252972845499317,0.0265561308940627,0.35266389993739,0.212376464871614,0.960911756601187
1973612.19286284,0.615362995275616,0.339093985511271,6.9193047611152,5.86371425100888,0.290678088689982,67559854.0181818,0.630607417176897,0.0209356703175095,0.27085421780779,0.651287505372608,0.960543500040575
