0.361228377129392,5145775.83275493,0.545130573508729,0.628196726296768,0.049578646882612,0.405245983399183,0.208293681793803,0.646951115389475,58.1553333331423,3.99206631650871,10.2670604122579,6155776.42632315
0.339289111958577,5085917.3651459,0.570008289538206,0.633845264910817,0.0498022313948515,0.392464082245681,0.206983459793207,0.621814066359218,59.1696390433459,3.94441477562806,9.63973139615847,5748145.21348178
0.335754251620093,5005768.85817968,0.5924384614243,0.600900923350091,0.051963787648324,0.419152737901939,0.219937991681041,0.606786671039572,59.5642540847862,3.82853718716155,9.91906692837103,5774865.96055192
0.361639713765679,4893149.06574568,0.557117740300857,0.640293746678808,0.0491209554143818,0.382235834058521,0.215381090784044,0.623784994116403,62.1291457163207,4.06879615611113,10.0120211502771,5898542.22012841
0.354765214203126,5098083.8523422,0.585441763434464,0.65649702450914,0.048022987104629,0.389151908564004,0.208768673716792,0.644902443646819,62.0131935523444,4.03378008459405,10.0328859737378,6189700.51247196
0.333111973673789,4915693.3262597,0.573664623118687,0.606075304510827,0.0486147279404218,0.412571162991096,0.202168684882293,0.643558543771479,59.6795273312659,4.09832451140993,10.3821659321616,6030693.28657857
0.366087134091901,5022680.45403558,0.584628810644889,0.624892000790599,0.0509497485558349,0.382420243946148,0.215851970251977,0.617123069895378,59.0496514916916,4.00749150997363,10.2037607735598,6046469.89434401
0.350534756994013,5197147.25890047,0.584844430679763,0.616657293486346,0.0514608742110582,0.399497445936081,0.21384874339197,0.614542026803446,62.5810504499096,4.10938151702766,10.3317458453993,6234545.70094834
0.351874224685048,5141523.46595649,0.5446692438203,0.661029672600907,0.0521036570213307,0.410804053825939,0.201557457154017,0.609928018931786,61.2824121299356,4.01654414035176,10.0496497741491,6012632.63733149
0.353752360520859,5210195.41363412,0.555407120721696,0.638788834830805,0.0485495852171304,0.407860076783582,0.202467611808378,0.595780244216305,61.1891234897637,4.17490160626052,10.4659452502771,5709608.89703406
0.359968748681545,5227268.43510374,0.576429450453905,0.614835090524363,0.0511087685828667,0.384716591050443,0.219712256962401,0.633476848042001,62.7526189789886,4.14463934425044,9.54750331244716,6170249.87998898
0.36356401667649,5126817.11713284,0.567903096345247,0.61016185092267,0.0504116332065986,0.395733669135982,0.211591930273501,0.598236313376017,60.0252018774216,3.98371697902292,10.0651910315836,6062594.41628288
0.345345872138951,4752145.53755384,0.596668727364241,0.635134566892619,0.0492001431552326,0.391610662117312,0.199919951476308,0.612880094204603,61.7202878517943,4.10248483169975,9.7811916087254,5964632.92868733
0.335422334067365,4755364.43926476,0.581923474676224,0.648271863890357,0.0498886173463971,0.396950920071385,0.201148612616203,0.614160291633156,59.6239088176399,3.97092732226467,9.95719315182405,5854715.00517679
0.358088012343068,4810681.17215091,0.572693546737505,0.651417232654073,0.0497040228896903,0.401574584842977,0.203012494796676,0.642083600815023,62.2469856537715,4.12338831528486,10.2240085749069,5837976.84504684
0.343398612736652,4879150.80374567,0.556395514519714,0.649818157297643,0.0507179000347239,0.385450596186703,0.218426790746018,0.591550205628692,59.2691689862296,3.89347600168031,9.69973773861352,5970716.51123381
0.362526529723133,4779106.50485416,0.552581166471583,0.611817350648858,0.0510947339908512,0.415533499385825,0.210503737259779,0.638339254340801,61.2192904878351,4.18673450073504,10.1084480133373,5818589.27018976
0.344260317130938,4933782.47816188,0.589685162170514,0.634467242414584,0.0488365919543144,0.403907488768758,0.212452550424905,0.608044014321209,62.9366586905846,3.87216355258988,9.83166089129284,5716530.81226592
0.361939240941808,4906241.10322469,0.565194728486555,0.654037429145765,0.047911807811773,0.385979116546682,0.211410298454364,0.606330127690713,60.2979565689311,3.81000530404303,10.4080510663275,5780154.49778916
0.338360215195834,5019004.32812441,0.586088828025588,0.607396310082678,0.0512597244922212,0.400439297473315,0.201298583680785,0.618004117090816,59.5028088927139,4.0890455659331,9.62170211964896,5842172.85311275
0.336011619438471,5215085.29744248,0.54682726535987,0.651579905190276,0.0491947873501199,0.417682683320039,0.218630210599252,0.632251710871266,57.955356597178,4.12794897732443,9.5866192514097,5791046.27512867
0.364833294926457,4886451.8064876,0.58900509431515,0.660165981690475,0.0511765120611854,0.409850794270062,0.205815727814553,0.603241859738037,58.5059656625847,4.16557858724593,10.4832888345047,6048697.86773432
0.333842128981714,4899122.8192724,0.543118218084387,0.612669315978193,0.0483390469054554,0.406067178117849,0.205063888585037,0.604064567230618,57.3692036431758,3.89769419471417,9.65947633680937,6180327.76225209
0.355660830339911,5160708.5130382,0.590273545208642,0.605323635988706,0.0479538646046729,0.396498466177364,0.213018207820053,0.649135265956041,59.0162580916451,4.10477048471639,9.64265690933615,6177655.22796957
0.357820507414577,4900452.94258478,0.590802100931917,0.628846399752987,0.0518339838683992,0.390151254761095,0.210688954575367,0.624581229178227,58.6698470840811,3.98538012775393,9.6650051822218,6163192.07961173
0.348408741595579,4825191.68459903,0.56978606059987,0.650205353160255,0.051707122809561,0.40104236272766,0.207684978294914,0.60920698448678,58.7741728612001,3.96048708641946,9.5605670006254,6107057.32027213
0.3450120347508,5002147.00147957,0.547496187829991,0.628003224809828,0.0524870076666172,0.38825628881542,0.214709264174581,0.648365653061616,61.955026911787,4.11639050829823,9.92710227583632,6206249.00761932
0.367485945265406,5152185.60384825,0.549854819800423,0.623143245488372,0.0516060968528647,0.391564459015643,0.219440227762547,0.643775474971029,60.3162741910046,4.17939106857331,10.1962343957301,6145806.08788344
0.345718318605599,4924116.69397653,0.57924702652912,0.630385646376384,0.0477905866191585,0.416263329198544,0.213691268408464,0.602441428205211,60.2156115792651,3.81522967965277,10.3688624463835,5801484.78640128
0.348823610472313,5092431.60469812,0.588021151998438,0.608968981240058,0.0501120403081325,0.414980531762373,0.205701775805129,0.589555723282813,61.5628915525768,4.06483609740543,10.3203514929273,6290812.92256327
0.337178290737746,5062257.64042035,0.543944412836615,0.609668984657901,0.0524484155349944,0.410615781015564,0.203905248122781,0.630827949765402,57.4252808987451,3.8557571795831,10.2556748843279,5736668.60086716
0.343004865666322,4964173.6127869,0.582265867957786,0.653393233620014,0.0499178830421459,0.417341819050626,0.209566334451082,0.640357780449664,60.6029151410093,3.94244069123019,9.94915436799007,6082418.00395086
0.342927495173849,4982530.53480734,0.594094367273391,0.637722853451957,0.051671656454362,0.386194591663493,0.199935969169498,0.597132268004541,58.8392399278327,3.87080013658295,10.2328332358741,5812591.28684817
0.365485020620455,5232324.41366262,0.558635591233791,0.61522784018002,0.0478811795227275,0.398474229412575,0.218077829998572,0.59354679665253,58.722585347473,4.1290632803737,10.4749321262046,5826962.05663365
0.340939785161629,4799005.96420084,0.575405164990546,0.652862927519567,0.052339372581028,0.403561126717605,0.213492972741511,0.625674399655013,60.4867979542296,4.19958316298497,10.0067191225875,5889026.75982164
0.342484719549176,4881884.15543833,0.559225250813283,0.599795071291772,0.0519103921580234,0.416614514575742,0.203623571302296,0.626347150140493,62.3273981521976,4.04082969804978,9.81246475858906,5789085.80180152
0.346444380265874,4959868.42303173,0.552205630193985,0.626740305739713,0.0503427278259938,0.404164073004158,0.212068211530176,0.620119651459736,57.7121474071344,4.05686908422899,10.311639941754,5998615.39106514
0.357066177725023,5033406.04519375,0.583752264976101,0.645595904341102,0.0494255428774805,0.394725131171784,0.200938582194287,0.590467569484934,60.7487690467605,4.16987040922712,9.75746283647723,6248052.27625749
0.336883222286549,5182335.00232795,0.580782865028799,0.618886214651631,0.0489493577126563,0.408155467941345,0.217906331560756,0.629479535069124,62.4656722350162,4.05098659063272,9.7446557498321,5924622.30971256
0.364659299363714,4978366.13131256,0.554914720052555,0.621930574118764,0.0509906693987594,0.413579223207453,0.20971944711991,0.645613028605747,57.7558481858642,4.01171618165995,9.93564834767036,6040249.02757411
0.334993497785525,4951989.04779695,0.573407500000999,0.631982376265935,0.0476257384771525,0.401769709220618,0.212145354152284,0.641501012326095,58.3670543248696,3.93349678667532,10.148422958543,6056266.17009171
0.349077684767188,5113190.33636272,0.56326928008648,0.65746918588244,0.048958088696165,0.382863062119269,0.212837784765559,0.596110377933409,59.8152756310052,4.03990127411948,10.1139951879633,6109704.56755025
0.333515951527818,4974325.39681707,0.546527850584549,0.647567238900489,0.05189294715157,0.417000109610552,0.214942392417296,0.612018619746282,62.4040164082941,3.92375183002996,9.60062549239968,5938315.61379552
0.359132046190316,5165430.93248226,0.542545726419293,0.604119423000383,0.0501633891506294,0.381024390044936,0.207872436964165,0.605086185402176,59.9038277063417,3.95148155207089,9.61892241421225,6201526.3610487
0.356637744392471,4966797.20581354,0.568756486023718,0.61591290539935,0.0495154466542008,0.399140377166702,0.201623857791113,0.62278975151918,58.2373504696071,3.92619754371085,9.80100018565271,6231826.76571952
0.34018608760706,4996706.12928852,0.554215881158913,0.621287789503727,0.0497982753690108,0.384388688219642,0.210278342940618,0.627791686806992,60.380104113528,3.96531065662431,10.2744953500881,6133311.64786798
0.355254001238071,4991623.34834345,0.55847815479404,0.652544795885046,0.0488755571368196,0.393697332084806,0.200584616476015,0.608279344855187,60.4324685841333,3.97657555666609,9.88572643313179,5861187.07709219
0.352209836440539,4846277.21142897,0.556150080229929,0.623831644595939,0.0520014304794922,0.412881557505623,0.215952137533676,0.635729286322115,59.4399904722074,4.16200621830298,10.3584761916964,6156587.5829127
0.363168158782542,4805789.11213407,0.548472048966176,0.613837546362069,0.0522943774310325,0.387882577762233,0.200343377434936,0.634890517542312,57.01844046814,3.84780486198386,10.4375245399749,5764262.18348473
0.35262348651152,4792416.71416145,0.561734344446052,0.637543527737721,0.05001283931129,0.414753917301593,0.219454244126903,0.634517175789496,60.9477710593701,3.90674467056051,9.87552631206296,5991002.65244334
0.36618277651225,5204240.65649273,0.578601605060291,0.629504960939884,0.052368072931433,0.407049963347605,0.216247467867144,0.611418805359091,59.9424771842466,4.01343347532912,9.51467216562303,6067298.45767093
0.346832893821127,4858096.67862856,0.55115702384524,0.657768785281478,0.0494702908543515,0.393268442501977,0.219108840152256,0.594909335456041,59.1172900526157,3.97285445342554,10.086453488657,6097937.62762382
0.343795925320192,5170894.90299279,0.577161051400901,0.660559842727485,0.0493750688743632,0.388463289367218,0.211737069091138,0.63020196215559,57.1699856044725,3.86684339802729,10.2822688518773,5915101.12961989
0.349754535179491,5104143.17810328,0.564543814795024,0.647744572657275,0.0484216073670356,0.389333904619377,0.204015384233794,0.650888955445016,58.8934333696127,4.02200852795725,9.8211831885755,6121820.28312229
0.342139388210966,5178350.12359291,0.563977911718927,0.643777247178234,0.0483786747874332,0.409215944009646,0.204571536058059,0.599766633748002,58.0420203858983,4.14872626153609,9.99265907906524,6227225.92174126
0.366946196816866,5220167.64006545,0.549010424556681,0.646531336413155,0.0513961880278823,0.380022752843116,0.216889907177239,0.596462965559272,57.7842019697045,3.80561948682988,9.7359356779364,5718324.32227551
0.34953131856955,4830968.53701743,0.550548123668335,0.659026786206176,0.0510354706673271,0.405954920203048,0.220473929804683,0.6444689114741,61.8282401418361,3.95385430156433,10.443958212544,5754681.52890454
0.341890281105217,4928889.06035009,0.574958933436806,0.601125394228127,0.0500719332476339,0.40254068502031,0.207479414011521,0.616602639163581,59.3024115345631,3.82267650743752,9.9635889494834,6212909.97232238
0.347760282308635,5245001.13438653,0.554038790445845,0.618496577268663,0.0513183333265839,0.408607678379328,0.216687879914104,0.639347927028524,57.0791508646363,4.00235323909499,10.0587253316398,5953923.54752441
0.356678077981909,5069681.30651268,0.571167868806002,0.598995796286562,0.0499534612070476,0.41877339172322,0.202327826226825,0.637922517494304,58.9246081486105,3.98882397503725,9.72503808003054,5946139.239853
0.34607088409694,5207872.58440957,0.592933209362901,0.649200941687539,0.0502011115421149,0.394040891509787,0.213252766942921,0.601473904283426,61.6708299514649,4.09462716711796,9.57689530644493,6263247.23786016
0.338673647656347,4987978.30923955,0.579831756627553,0.63163966502648,0.0484953201726997,0.389801107948425,0.209079104665225,0.605737598407982,57.6356567523771,3.85014957305613,9.53421425536115,6127486.54169252
0.363886403295535,4772998.53558058,0.57790084704283,0.620878160836991,0.0504669132527791,0.414091478628457,0.21560477474472,0.594262851962836,62.5612514400694,4.0265287053288,10.3405639106296,6283037.68854326
0.353120746260216,5059440.38678047,0.594880887860694,0.612993840707066,0.0481698613550257,0.41197585510823,0.204959253356035,0.627019352546721,58.4583660624978,3.95728171752158,10.2957306039072,5821311.41803854
0.344570567063238,4852878.44613381,0.583593735880516,0.633399178571599,0.047826309106839,0.396295017014038,0.201848799086484,0.633909236458957,58.5665587275961,4.13772888387252,9.6896687155883,5746854.70399945
0.340608497311326,5011932.27058667,0.574276869213393,0.616804707552814,0.0508821871828752,0.383339572252519,0.209865932123785,0.619703355639018,57.8705597420228,4.04539289261548,10.4107056612121,5919428.15195638
0.340233385275512,5105059.69357122,0.59347906821584,0.603231021404463,0.0505262210779183,0.40034655843582,0.214105848730053,0.592521282036628,61.451650589435,3.91403554500677,10.2107501774867,5987913.2595173
0.350796741430705,5048900.4961058,0.545699264787738,0.605784093667343,0.0485664488990858,0.38654458170527,0.202808741988245,0.650007020524956,57.2804136654413,3.91040616706035,10.1764169308045,6010048.28706768
0.348115951461495,5038229.59461045,0.553077611146315,0.602423226989395,0.0492520177401503,0.399846022762013,0.210041289131941,0.618813845299729,62.7870072512925,3.86209006316401,10.4974001088368,6281191.78782824
0.358995694030405,4948668.79060406,0.597565444975822,0.622601238062602,0.0506455457867247,0.39209372074973,0.214446966113682,0.610276838953635,57.5766729399066,4.18373364950819,9.50213140354396,5979296.8952275
0.3347079009275,4868542.50983017,0.582694286616041,0.608300970437468,0.0502601128770076,0.390538833727138,0.217171039963626,0.600193025247908,58.2661902595641,3.88235588605127,9.9048841775662,5930566.35041893
0.36264184007561,4939058.05229245,0.566659887946391,0.625556609966919,0.048120461212693,0.407447404373887,0.206751877131359,0.628618564814645,60.7994327951397,3.83612363216618,9.9843747284661,6295247.8603081
0.354926408092333,4769885.70188187,0.578192635433734,0.658924672238181,0.0482543901622874,0.397879992566904,0.208536153215633,0.623403162067022,57.4902961831001,3.91687711587644,10.0931520623586,5847481.58034013
0.33667156152862,5052752.97909026,0.563057062917442,0.620047268846663,0.0475449435340556,0.410263944177797,0.218223338756845,0.632951720429087,60.113394669136,4.07708392844527,9.55907603404652,6086804.78073395
0.364181064444899,5238781.79903303,0.56055321526859,0.606906983105034,0.0493353352678516,0.386832429385315,0.215233504876666,0.599201937636055,61.0632463599266,4.06093739753597,10.1812742103296,6270445.77364783
0.339805107230494,4820656.3672763,0.551666767290861,0.636279628601329,0.0496474205897308,0.404617493274679,0.204280104233589,0.613372952742637,62.6539418300582,4.05297367678455,9.5205706211978,6090605.50897355
0.354111481094266,4787356.94616279,0.560933550510722,0.654849047897301,0.0482247935909701,0.380623001218961,0.216968310114934,0.59882860146723,61.127036604236,3.80062691873182,10.079034057634,5876730.99960919
0.351440613462837,5190429.32415929,0.543735914612474,0.619466525020418,0.0507615812124051,0.411418325672154,0.206344775969891,0.638737912156683,61.3779562723097,3.92891937260019,10.2415411749478,6000593.25629898
0.337681303080375,4870130.3491147,0.566387035249419,0.599690442929157,0.0476858507311893,0.404821887196325,0.205492074433666,0.611072588235474,59.3738068861355,4.15208535628507,9.97090604385144,5705689.03974658
0.332807526220842,4762072.87020669,0.557699047997984,0.611593512152943,0.0480887319877103,0.41831235241898,0.199510177394203,0.607043054032129,58.0837881773755,3.89155456222978,10.1398865885944,6217148.38488792
0.360659706752289,5124405.12308663,0.597089115960229,0.604289057264162,0.0520834355178687,0.383647038881627,0.207907348885773,0.590049632798166,60.1642746622315,4.03041569223516,9.70476317296255,5943990.57252373
0.360389882738123,4840367.33705534,0.570680967322851,0.646292643013792,0.0521773374324296,0.41599204983087,0.209209290177977,0.636702148289334,57.9858152700095,3.87803175739664,10.1634965472634,5884627.90129651
0.347066285679726,5187032.19613759,0.588507456459644,0.625664403503538,0.0477131307680909,0.397463294046705,0.206519347946063,0.618623927890441,62.1984268173056,3.83496762152686,9.85614854649294,6241065.58915413
0.333972961258002,4815581.92347538,0.562460433110964,0.641388159681135,0.0496745057172648,0.402093589021722,0.206027655744655,0.62118864357904,60.7183896822623,3.93985213511477,9.59350697950543,5961910.59252604
0.353206287182161,4912877.62034456,0.565605593564138,0.643221963995413,0.0515808742904073,0.391062878519392,0.204435959194154,0.640490754892218,61.8899748484645,4.11210247470787,9.84237146520248,5873007.17642779
0.337861917264926,5041963.71307058,0.587585279444673,0.636692389670583,0.0486547258391576,0.381752477438338,0.218995137400813,0.631769850190269,61.7503791055452,4.18909429608391,9.77424314018617,5735831.19859195
0.357554077297444,5029646.18208761,0.598124873776703,0.639344278635944,0.0514017371125515,0.413818791535163,0.217491540489306,0.629228905571427,59.7444610547687,4.14340814067846,9.76368080851288,6024267.78140833
0.351174988567373,5080376.13784408,0.569068629947703,0.656119659638681,0.0512185866323724,0.385195934958949,0.208467748417738,0.601392305833499,58.4372468996018,3.81940842177051,10.1572179599611,5767918.25572977
0.341525071491961,5071789.60291929,0.592099295436664,0.641275952665995,0.0505933984414973,0.392960367533012,0.210932757316778,0.622345939055849,60.8852117037541,3.90118070360357,10.021601635772,5724836.62731165
0.366583955217975,4944477.50166051,0.581296130031294,0.655805261320089,0.0475690849110836,0.402959372660657,0.212715829871359,0.647892914932135,62.9603560713223,3.85847602591039,9.89573165043761,6018365.43890788
0.359563683098954,4836498.87463155,0.57218517907059,0.626892065659583,0.0490808489947968,0.419740233019615,0.211245514652296,0.62518168145534,61.540235418533,3.88769435422334,9.7136837762165,5863918.83621331
0.365189641780387,5118020.97835586,0.596134723957777,0.610487897113795,0.0517504403126216,0.398262911746967,0.205344975237714,0.63703946561749,62.060430225146,4.19435663862787,10.3716653301848,5904495.45750931
0.334478791673599,4864575.47624611,0.586984433983287,0.60205261534737,0.050835658635762,0.41940268029777,0.220091037964848,0.64960776387048,61.019219752544,3.99942803778364,10.3972981453639,6118459.84997459
0.339022459521108,5078927.60566224,0.595105673425966,0.644084150595627,0.0490146904285205,0.387319290421899,0.2033196714323,0.642819876649167,60.5569159285994,4.08480431951788,9.79599199263828,6192686.29119343
0.358689981623109,5158756.00551231,0.576260932246879,0.617987193199681,0.0506732397051247,0.394844878959428,0.217620804304474,0.603823660241548,61.4165328712719,4.13227900734745,10.1244574540759,5892479.74325929
0.356021623451228,4803866.73431269,0.559764216820402,0.642469015442258,0.0487403394480704,0.406777976861537,0.200136248432048,0.593111566167462,59.8779896844202,3.84398112208849,10.3055613464317,6268199.61935978
0.361027566580695,5241484.97804491,0.567705355397339,0.640055049576531,0.0503655282449538,0.381560655219782,0.207060330374238,0.615655168395405,62.37563907585,4.15739983767431,10.4590961587797,6257559.65431984
0.350225882000908,4781229.23707391,0.591106466922035,0.632854303632669,0.0522474772498416,0.408940086885811,0.216302634490583,0.591106325182086,57.1970215417919,3.82528587015579,10.4225561869001,5803395.60759024
0.347278728580009,5132263.56683068,0.541900370464248,0.645025439064723,0.051540778294215,0.395294371643506,0.214378481818616,0.615983110058688,62.8247198151131,4.08298550863284,9.86967384550697,6143490.28670481
0.354467118317527,5137232.58290033,0.548040708344845,0.630635476639654,0.0487977170838261,0.412004816423361,0.203078719451065,0.646468967032925,57.3009590554047,4.07262727634852,9.67570257456567,6073627.41552244
