0.517147525292068
0.475195530741819
0.384889108801419
0.555896001695444
0.527577558585785
0.557385780064416
0.526285610764614
0.568279661819932
0.501144069868447
0.646141971115228
0.604154392996557
0.510471212131019
0.56239507893017
0.471214496824015
0.587181471397212
0.421368617476053
0.629673378536158
0.415860909151357
0.393202800602498
0.564750703520614
0.585454641824801
0.619788014779724
0.428567093273422
0.598322608859802
0.493615707913047
0.461377501329071
0.554090505485884
0.635975144794048
0.389693118465172
0.535685568240402
0.414352379634505
0.444246802962929
0.420257737005586
0.638443302742529
0.60771031314049
0.513929022561493
0.545439897938842
0.616129810930029
0.530805419129585
0.527042822602666
0.45953976285171
0.53233642873499
0.411060746479506
0.476983169879647
0.463440826209735
0.470148596948426
0.497783408010903
0.589552884284335
0.420763441881211
0.42693240176401
0.523949705924984
0.475660641432734
0.432132074187091
0.527409507857642
0.600102685494056
0.398087759882652
0.459962220994616
0.37932409147584
0.521434066161245
0.515222431983317
0.554260753065176
0.407234460079845
0.503361543422224
0.508134730912433
0.61266347923994
0.542014342755613
0.443344619452632
0.466496348029276
0.398527054019969
0.645287299445415
0.423826982003003
0.396380667505826
0.465847172342607
0.545221271547232
0.560164581225541
0.506494309777445
0.368876147419349
0.455687899750932
0.618642653234412
0.413493638643363
0.539231667864254
0.42808526942881
0.39153215695465
0.440248408855821
0.572494925393902
0.634621496875768
0.598483576743767
0.394211976741333
0.440383479760783
0.413717456253369
0.430079857656569
0.655387922967501
0.468351511982307
0.551212080128157
0.610426726323362
0.393237099026931
0.612456798200421
0.396083728190328
0.536719524705286
0.569794343140488
