0.0429634191641251
0.0443711925042004
0.0428467456977576
0.0440723383491048
0.04425017667045
0.0393915979422067
0.0454991314786784
0.0423724032435361
0.0417318912140191
0.0403849887775443
0.0435520121631393
0.0451551877442948
0.0422206774418781
0.0426662109623576
0.040784669349549
0.0453995875339134
0.0380737252639638
0.0447473625659858
0.0476717904861576
0.0414852434367133
0.0375621223557796
0.0394181419861174
0.0430866655301965
0.0427129463091138
0.0443806829791914
0.0428140939386419
0.0419165409510896
0.0416817317850522
0.0438697996175805
0.0414932687351386
0.0431487123535792
0.0411157505114291
0.0463340824133913
0.0426851000256193
0.0380016810019817
0.0402251989223519
0.0410612685352171
0.0419282046194102
0.0413860869113321
0.0412959612080544
0.042860536737806
0.0444423540867144
0.0410616499691475
0.0468965787281788
0.0447699532766171
0.0448944289791454
0.0444121351430895
0.0381399164621204
0.0462927696175248
0.0420011383224845
0.0431206714317093
0.0434410668105691
0.0457867467512694
0.0437940910356054
0.039805165810244
0.0487526874417981
0.0418767330431198
0.0453843907934577
0.0416748415726145
0.0416838067249913
0.0428753622225084
0.0459954205657567
0.0418061468638337
0.0430007903391919
0.0408011295029792
0.0436244916832699
0.0450641500841204
0.0458355790056191
0.0459113783656397
0.0412339910197508
0.0451342728343382
0.0454892044387628
0.0438322548023149
0.0401183303121698
0.0453064178873206
0.0412206971565172
0.0476967823581951
0.043320655643149
0.0398599624115565
0.0415687617962116
0.0456880292596748
0.0424276730095028
0.0469232795363443
0.0426033634111254
0.0419557770293432
0.0416250582699098
0.0390970231205619
0.0472380444465369
0.0451946075272897
0.0455520665174203
0.0427031152264986
0.0413744512299836
0.0394889700864417
0.0429719615936388
0.0425676666354066
0.0448902437198272
0.0437742958423792
0.0440292119495943
0.0423376984129578
0.0405600075485673
